a0: 1.3630833625793457
a1: 0.3304407298564911
a2: -0.0000974316935753
a3: -0.9354299902915955
a4: -0.0001203216015710
a5: 1.0657379627227783
a6: -0.0000276835398836
