a0: -0.2423365414142609
a1: 0.3554598987102509
a2: 0.1096279174089432
a3: -1.6031942367553711
a4: -1.3929910659790039
a5: 0.3394855260848999
a6: 1.9970242977142334
