a0: 1.5573476552963257
a1: 0.3712176680564880
a2: -0.0000656735792290
a3: -0.9767035841941833
a4: -0.0001277038245462
a5: 1.0909720659255981
a6: -0.0001404551585438
