a0: 0.9200601577758789
a1: 0.3426216840744019
a2: -0.0263365916907787
a3: -0.9656555652618408
a4: -0.1346266567707062
a5: 1.4416525363922119
a6: -0.2232846319675446
