a0: 1.5983167886734009
a1: 0.4078751802444458
a2: -0.0000633965755696
a3: -0.9615411758422852
a4: -0.0000383495971619
a5: 1.1187691688537598
a6: -0.0001006075399346
