a0: 1.2894439697265625
a1: 0.2057213783264160
a2: 0.0232384912669659
a3: -1.2133499383926392
a4: -0.1890918016433716
a5: 0.5688937306404114
a6: 0.8576974272727966
