a0: 1.3938648700714111
a1: 0.2874239683151245
a2: 0.0568021684885025
a3: -1.0808351039886475
a4: -0.0749311298131943
a5: 0.7820514440536499
a6: -0.0328303650021553
