a0: 0.1925947666168213
a1: 0.0093473354354501
a2: 0.0084893256425858
a3: 0.0112058492377400
a4: 0.0193037092685699
a5: 0.1256383061408997
a6: -0.1385594457387924
