a0: 0.8075899481773376
a1: 0.5700178146362305
a2: 0.0972402393817902
a3: -0.8118011355400085
a4: 0.0821679681539536
a5: 0.6977448463439941
a6: 0.8741568922996521
