a0: 1.1613985300064087
a1: 0.3474326729774475
a2: -0.0157615933567286
a3: -0.9979907870292664
a4: 0.0000483203148178
a5: 0.9862269759178162
a6: 0.3412632644176483
