a0: -0.1161693260073662
a1: 0.5480393767356873
a2: -0.0000771184641053
a3: -0.7887078523635864
a4: -0.3684341907501221
a5: 1.2928432226181030
a6: -0.0000783768482506
