a0: 1.2889280319213867
a1: 0.0885219573974609
a2: -0.0000623179657850
a3: -1.5201252698898315
a4: -0.0154447900131345
a5: 0.6692258119583130
a6: 0.1588336974382401
