a0: -0.3390430212020874
a1: 0.3575027883052826
a2: -0.0147322677075863
a3: -1.1493201255798340
a4: 0.0294867530465126
a5: 0.8348989486694336
a6: 2.2607293128967285
