a0: 0.8260170817375183
a1: 0.0138322524726391
a2: 0.0380389466881752
a3: -1.1372139453887939
a4: 0.4140384793281555
a5: 1.3163007497787476
a6: 0.2152913212776184
