a0: -0.4076127409934998
a1: 0.7391083836555481
a2: 0.0377974063158035
a3: -0.5822684764862061
a4: 2.9070909023284912
a5: -1.2037240266799927
a6: -2.3249759674072266
