a0: 1.2547945976257324
a1: 0.4099630117416382
a2: 0.1793305575847626
a3: -0.7944581508636475
a4: -0.0691698789596558
a5: 1.0960959196090698
a6: 0.2425124794244766
