a0: 1.4633321762084961
a1: 0.5375310778617859
a2: 0.0659367889165878
a3: -1.0292648077011108
a4: -0.2483541667461395
a5: 0.5114092230796814
a6: 0.4977402091026306
