a0: 1.1959666013717651
a1: 0.4069117009639740
a2: -0.0001067195771611
a3: -0.5963227748870850
a4: 0.0000278034440271
a5: 0.8205109834671021
a6: 0.1824034452438354
