a0: 0.1925582736730576
a1: 0.2561258375644684
a2: 0.0085440333932638
a3: -1.0756075382232666
a4: 0.0191185772418976
a5: 0.8086141943931580
a6: -0.1385176330804825
