a0: 1.3477828502655029
a1: 0.3301782906055450
a2: 0.0023054052144289
a3: -0.9424594044685364
a4: 0.0885559469461441
a5: 0.8354409933090210
a6: -0.0159887541085482
