a0: 0.7221571207046509
a1: 0.0138505883514881
a2: -0.1377431452274323
a3: -1.2914215326309204
a4: 0.4892037212848663
a5: 1.3159973621368408
a6: -0.0171520020812750
