a0: -0.9320632219314575
a1: 0.5588575601577759
a2: -0.1126249283552170
a3: -0.8703866004943848
a4: 0.7897739410400391
a5: 1.1027300357818604
a6: -0.6404648423194885
