a0: 1.3061637878417969
a1: 0.2446895837783813
a2: -0.0160121824592352
a3: -1.6449486017227173
a4: -0.6171249747276306
a5: 0.2242192178964615
a6: 1.3313741683959961
