a0: 1.2209781408309937
a1: 0.5785182118415833
a2: -0.0146841509267688
a3: -0.8195745348930359
a4: 0.1376849412918091
a5: 0.7356712222099304
a6: 0.7883123755455017
