a0: -1.0806456804275513
a1: 0.4729906320571899
a2: -0.0003936218272429
a3: -1.6961244344711304
a4: 2.3587572574615479
a5: 0.6257781386375427
a6: -0.8097354173660278
