x: -0.094672484954516
y: -0.030505022471250
z: 0.082857789110464
rx: 0.335555558690397
ry: -0.255099158821185
rz: 0.316731853837425
rw: 0.849710432421191
