x: -0.004173813862050
y: -0.041892976904580
z: 0.096196939359345
rx: 0.378476879514203  
ry: -0.900860473352789 
rz: -0.047088936745967
rw: 0.207336179331814 
