x: -0.015152639274987
y: 0.059378232033120
z: -0.041461858137031
rx: 0.437844486451839
ry: 0.524352275869450
rz: -0.477597508030632
rw: 0.552492096592507 
