x: 0.148800909737994
y: 0.049405802603026
z: -0.102728553127072
rx: 0.725254195296487
ry: 0.372162779193776
rz: -0.557322450188648
rw: 0.157774853837143
