x: 0.147948002194941
y: 0.049018978838983
z: -0.103420197880198
rx: 0.719688037432239
ry: 0.384104740887485
rz: -0.551973279102338
rw: 0.172737303329951
