x: -0.004038686458890
y: -0.043074574361434
z: 0.095506868735676
rx: 0.379278701017494  
ry: -0.898119778946052
rz: -0.036150930628621
rw: 0.219594261844572
