x: 0.155782449594712
y: 0.041595472584311
z: -0.098239548510668
rx: 0.735271838553380   
ry: 0.350869032513703  
rz: -0.562718024572571
rw: 0.140052384036735 
