x: 0.155888053072130
y: 0.041476836863495
z: -0.105876309029512
rx: 0.726563484902279
ry: 0.363847240712298
rz: -0.571504393251250
rw: 0.114470154744474
