x: 0.002031963517013
y: 0.032358090207432
z: 0.083623735776365
rx: -0.248360560836984
ry: -0.312551065559429
rz: -0.858829880812969
rw: 0.320998596665446
