x: 0.148535821964827
y: 0.048963120714730
z: -0.102401471481015
rx: 0.727418557327032
ry: 0.370424372708053
rz: -0.557685109039779
rw: 0.150450475956027
