x: 0.148776938771024
y: 0.049141891793189
z: -0.103424150833278
rx: 0.717991275235993
ry: 0.367457965557245
rz: -0.570030035663304
rw: 0.156617146810988
