x: -0.004393256681854
y: -0.037323795532092
z: 0.095904948237306
rx: 0.382595645805168
ry: -0.889228430148568
rz: -0.011745786564379
rw: 0.250510293849225
