x: -0.094709724857329
y: -0.030100506054493
z: 0.082033875770159
rx: 0.336803000421789
ry: -0.248263664996984
rz: 0.315930909011153
rw: 0.851537757401592
