x: -0.037413009961757
y: 0.106187915221379
z: 0.005177466516348
rx: 0.095561967421970
ry: -0.693300521569018
rz: -0.044323126294814
rw: 0.712907958750654
