x: -0.038986091686729
y: 0.106784318701137
z: 0.154120776769545
rx: 0.095824278327459
ry: -0.704678644331433
rz: -0.047387816873621
rw: 0.701427195593518 
