x: -0.037683940895849
y: 0.105963638862547
z: 0.145382866708141
rx: 0.089694740637849
ry: -0.699986860157005
rz: -0.047149298443017
rw: 0.706930118728703
