x: -0.014729686657375
y: 0.059308444166645
z: -0.042423969915322
rx: 0.682228334212125
ry: 0.061650377106806
rz: 0.061059812123776
rw: 0.725972058927991 
